P(27,26)

W(00,00)(30,02)
W(00,02)(02,28)
W(02,28)(17,02)
W(24,28)(06,02)
W(05,26)(01,02)
W(09,27)(01,01)
W(12,24)(01,04)
W(07,20)(02,02)
W(02,22)(01,02)
W(02,19)(02,01)
W(08,19)(20,02)
W(28,02)(02,06)
W(28,12)(02,18)
W(02,04)(02,02)
W(26,16)(02,01)
W(20,12)(10,02)
W(22,14)(02,03)
W(15,13)(03,01)
W(04,11)(02,05)
W(06,12)(07,02)
W(06,02)(01,06)
W(09,06)(01,06)
W(12,02)(02,07)
W(14,07)(02,02)
W(21,07)(02,05)

S(02,20)(01,01)3
S(02,24)(01,01)3
S(06,21)(01,01)1


L(02,18)(26,01)1

B(02,27)

S(07,22)(02,01)2
S(09,21)(01,01)3
S(10,27)(02,01)0
S(15,27)(01,01)0
S(17,27)(01,01)0
S(09,05)(01,01)0
S(20,07)(01,05)1
S(23,07)(01,05)3

B(16,12)
L(16,21)(01,07)0
L(06,27)(03,01)1
L(13,12)(07,01)1
L(04,02)(01,09)0
L(14,06)(14,01)1
L(22,02)(01,05)0
C(26,15)
C(03,03)

W(17,04)(02,01)
W(18,25)(06,01)
W(18,26)(01,02)
S(18,24)(01,01)0
L(24,21)(01,07)0